1.jpg 1 0 0 50 50
2.jpg 1 0 0 50 50
3.jpg 1 0 0 50 50
4.jpg 1 0 0 50 50
5.jpg 1 0 0 50 50
6.jpg 1 0 0 50 50
7.jpg 1 0 0 50 50
8.jpg 1 0 0 50 50
9.jpg 1 0 0 50 50
10.jpg 1 0 0 50 50
11.jpg 1 0 0 50 50
12.jpg 1 0 0 50 50
13.jpg 1 0 0 50 50
14.jpg 1 0 0 50 50
15.jpg 1 0 0 50 50
16.jpg 1 0 0 50 50
17.jpg 1 0 0 50 50
18.jpg 1 0 0 50 50
19.jpg 1 0 0 50 50
20.jpg 1 0 0 50 50
21.jpg 1 0 0 50 50
22.jpg 1 0 0 50 50
23.jpg 1 0 0 50 50
24.jpg 1 0 0 50 50
25.jpg 1 0 0 50 50
26.jpg 1 0 0 50 50
27.jpg 1 0 0 50 50
28.jpg 1 0 0 50 50
29.jpg 1 0 0 50 50
30.jpg 1 0 0 50 50
31.jpg 1 0 0 50 50
32.jpg 1 0 0 50 50
33.jpg 1 0 0 50 50
34.jpg 1 0 0 50 50
35.jpg 1 0 0 50 50
36.jpg 1 0 0 50 50
37.jpg 1 0 0 50 50
38.jpg 1 0 0 50 50
39.jpg 1 0 0 50 50
40.jpg 1 0 0 50 50
41.jpg 1 0 0 50 50
42.jpg 1 0 0 50 50
43.jpg 1 0 0 50 50
44.jpg 1 0 0 50 50
45.jpg 1 0 0 50 50
46.jpg 1 0 0 50 50
47.jpg 1 0 0 50 50
48.jpg 1 0 0 50 50
49.jpg 1 0 0 50 50
50.jpg 1 0 0 50 50
51.jpg 1 0 0 50 50
52.jpg 1 0 0 50 50
53.jpg 1 0 0 50 50
54.jpg 1 0 0 50 50
55.jpg 1 0 0 50 50
56.jpg 1 0 0 50 50
57.jpg 1 0 0 50 50
58.jpg 1 0 0 50 50
59.jpg 1 0 0 50 50
60.jpg 1 0 0 50 50
61.jpg 1 0 0 50 50
62.jpg 1 0 0 50 50
63.jpg 1 0 0 50 50
64.jpg 1 0 0 50 50
65.jpg 1 0 0 50 50
66.jpg 1 0 0 50 50
67.jpg 1 0 0 50 50
68.jpg 1 0 0 50 50
69.jpg 1 0 0 50 50
70.jpg 1 0 0 50 50
71.jpg 1 0 0 50 50
72.jpg 1 0 0 50 50
73.jpg 1 0 0 50 50
74.jpg 1 0 0 50 50
75.jpg 1 0 0 50 50
76.jpg 1 0 0 50 50
77.jpg 1 0 0 50 50
78.jpg 1 0 0 50 50
79.jpg 1 0 0 50 50
80.jpg 1 0 0 50 50
81.jpg 1 0 0 50 50
82.jpg 1 0 0 50 50
